18
19
22
28
28
31
31
34
33
41
39
47
47
48
53
60
62
67
68
69
77
79
81
84
85
88
91
91
99
104
104
110
110
111
120
349
122
123
127
130
133
132
137
134
141
139
143
146
147
155
158
160
168
173
173
177
184
184
187
189
196
199
202
209
214
216
218
223
228
229
232
235
234
357
236
243
244
246
251
257
258
263
263
270
268
273
278
282
282
286
290
295
296
299
299
307
306
310
314
314
323
316
318
325
329
332
337
341
339
341
349
350
352
353
356
358
359
360
359
360
359
360
358
360
359
360
359
359
360
360
359
358
360
360
360
360
360
360
359
360
360
360
358
358
360
360
358
358
358
360
359
360
360
359
360
360
360
360
360
360
360
360
359
360
359
359
359
360
360
360
358
360
360
360
360
360
359
360
360
360
360
360
360
358
358
360
360
359
358
360
360
359
360
360
360
360
360
358
360
360
359
356
353
350
351
349
293
340
335
334
332
331
325
323
322
316
315
312
313
313
305
306
305
300
298
298
294
288
290
289
284
285
282
280
275
267
267
266
262
261
259
252
251
249
314
244
240
237
235
234
231
227
224
221
220
214
213
210
207
203
199
199
199
194
189
187
184
179
176
170
169
162
163
159
155
151
143
141
137
132
134
126
125
121
116
116
113
111
109
103
99
96
90
89
91
82
84
80
77
74
72
67
66
58
55
54
50
51
45
42
38
34
32
29
27
26
29
25
22
18
16
8
7
4
1
0
1
1
0
0
0
0
0
1
2
0
1
2
0
1
0
1
2
1
0
1
0
0
0
0
0
1
0
0
1
0
0
1
0
0
0
0
0
0
0
1
2
0
0
2
0
1
1
2
0
2
1
0
0
0
0
1
1
0
2
2
0
2
0
0
1
0
0
0
0
304
0
1
2
0
2
1
0
0
0
1
2
0
1
0
0
0
2
2
1
0
0
2
0
0
0
0
2
0
0
0
0
2
0
1
0
2
2
2
1
0
2
1
0
0
1
0
0
0
1
1
2
0
2
0
0
2
0
0
2
0
0
0
1
0
0
0
1
1
0
0
0
0
2
331
2
0
0
0
1
2
1
0
0
0
0
2
2
0
2
0
2
2
0
0
1
1
1
0
0
1
0
0
0
0
0
1
0
1
1
0
0
2
0
0
2
0
1
0
0
0
2
1
1
0
1
0
0
1
0
0
1
0
1
2
0
0
2
2
0
0
1
0
1
0
0
0
2
0
0
1
1
1
0
0
1
2
303
1
0
2
0
1
0
0
2
0
0
0
0
309
1
0
2
0
0
0
2
1
0
0
0
0
0
0
0
0
1
2
0
1
0
0
1
2
2
0
1
2
2
0
0
0
0
0
0
1
0
0
0
1
0
0
2
0
1
0
0
2
0
2
2
0
2
0
0
0
0
1
0
0
2
2
0
2
0
0
1
0
2
0
0
0
0
0
0
2
0
2
0
0
0
1
0
1
2
1
2
0
2
0
0
0
1
1
2
0
1
1
0
2
0
1
0
0
0
1
1
1
2
0
0
0
0
0
2
0
2
0
2
1
0
0
1
1
1
0
0
0
0
0
0
0
0
2
1
0
2
1
1
0
1
2
0
0
0
0
0
2
0
0
0
0
2
2
0
0
0
0
2
0
1
2
0
0
1
0
0
0
1
0
2
2
0
1
0
0
1
0
0
0
1
1
0
1
0
0
0
2
0
0
1
0
2
0
0
0
0
2
1
1
0
0
2
0
282
0
0
1
2
0
0
0
2
0
2
0
0
1
0
317
0
0
0
2
1
1
0
2
0
0
0
2
0
0
1
5
5
9
15
16
18
24
26
30
30
35
38
41
38
41
41
45
52
51
59
60
59
60
65
68
69
77
75
79
83
87
90
89
92
98
100
105
108
115
117
121
121
123
128
132
133
132
135
141
142
142
151
152
153
156
158
159
165
167
172
176
178
185
187
189
190
192
195
198
202
203
208
209
216
217
221
227
226
232
237
241
241
247
244
250
251
258
262
263
268
269
271
270
271
274
281
282
281
286
289
293
298
301
305
305
311
314
316
318
322
323
329
333
338
341
348
352
351
358
357
358
359
360
360
360
360
358
358
360
358
360
359
359
360
359
360
360
360
360
360
275
359
358
359
358
358
360
359
360
358
360
359
358
360
360
358
358
360
360
360
360
360
358
360
360
360
360
360
360
359
360
360
359
360
360
360
360
360
360
358
358
360
360
360
360
360
359
359
360
360
360
360
360
360
360
359
360
358
358
358
359
360
359
358
359
360
359
360
358
358
358
360