33
38
40
46
46
50
52
54
301
57
56
58
63
65
68
72
73
73
81
82
86
84
92
92
98
99
104
106
110
114
115
121
127
130
132
135
142
142
147
153
158
161
165
165
166
168
173
174
181
182
185
193
198
199
202
208
211
214
220
222
224
223
227
232
231
231
238
240
243
244
247
250
253
258
263
267
269
271
276
279
284
285
287
291
295
297
300
301
308
307
308
312
314
318
319
325
324
327
331
337
332
331
325
325
319
315
311
306
300
296
296
294
334
287
283
279
277
274
272
272
270
269
265
260
257
255
346
252
248
246
240
239
237
231
300
228
227
219
214
212
204
204
198
199
197
192
189
285
190
184
181
175
171
170
169
167
165
162
156
151
146
146
147
142
140
134
134
128
128
122
121
120
118
112
109
106
100
96
95
93
90
90
87
87
86
84
83
78
74
73
69
68
62
59
60
53
50
52
48
48
54
53
59
67
66
72
75
75
79
85
87
89
86
93
95
98
100
104
111
110
113
118
121
119
121
124
129
130
133
133
140
139
146
148
153
156
156
163
167
165
169
170
169
176
177
182
183
187
186
190
193
195
197
197
198
205
210
212
217
224
226
230
232
237
241
246
247
253
257
260
265
268
266
270
272
275
278
278
282
285
289
295
295
301
302
303
310
311
316
320
321
327
329
337
339
341
346
347
348
351
352
354
351
353
354
354
353
300
351
353
352
351
354
354
354
353
351
352
354
353
351
351
351
350
354
352
350
354
354
351
352
351
352
353
354
353
354
352
353
352
352
351
352
351
352
351
350
352
353
350
350
350
353
353
353
352
352
353
350
350
354
350
354
354
352
350
350
353
352
353
354
354
350
352
351
352
350
352
354
351
354
354
352
351
353
352
352
335
352
351
351
352
350
350
353
354
351
350
350
354
354
353
353
351
352
350
351
351
350
354
350
353
352
286
351
350
350
354
350
350
353
352
351
352
351
352
351
350
352
351
354
350
354
333
354
353
353
350
350
353
353
351
352
352
352
354
351
352
354
354
351
350
354
351
350
353
354
352
354
352
350
353
351
352
354
351
352
350
350
351
351
353
353
352
350
351
350
351
350
350
352
351
354
350
351
354
354
351
354
353
350
351
350
351
354
351
351
350
352
351
359
359
360
360
360
359
358
360
360
359
360
360
360
360
360
360
360
360
360
358
360
360
359
360
360
360
360
359
360
360
359
360
360
359
360
360
360
359
360
360
359
360
360
360
358
360
360
360
360
359
358
359
359
360
360
360
360
358
358
359
359
360
360
358
360
359
358
360
360
359
358
360
360
360
359
358
359
360
360
359
358
360
360
360
360
360
360
360
358
360
358
360
360
360
360
360
359
360
359
360
360
359
360
358
360
360
359
360
360
360
358
358
360
359
360
360
359
360
360
360
360
359
358
360
358
358
359
358
360
360
360
360
359
359
360
359
360
360
360
360
359
359
358
360
360
360
360
330
360
360
358
360
359
360
360
360
358
358
360
358
360
360
360
360
359
359
360
358
360
360
358
360
358
360
358
360
358
358
358
360
300
360
360
359
360
358
358
360
358
360
358
360
360
360
359
360
359
358
360
360
360
360
360
360
360
360
360
360
360
359
360
360
358
360
360
358
360
359
360
358
359
358
360
360
358
360
359
360
360
360
360
360
358
359
358
359
358
360
360
360
360
360
359
359
360
360
360
360
359
360
360
359
359
360
360
359
360
358
359
360
360
358
359
360
360
360
360
358
358
360
360
359
332
360
360
360
360
359
358
359
360
360
360
360
360
360
359
360
360
360
360
360
359
358
359
360
358
360
360
360
360
358
360
360
358
360
360
360
358
360
360
359
360
360
359
360
360
360
360
360
360
360
360
360
360
360
358
358
360
358
360
360
360
359
358
360
358
359
359
360
359
360
360
358
360
360
360
359
360
360
359
360
360
358
359
360
360
358
360
358
360
360
360
360
360
358
359
360
360
359
360
360
358
360
360
360
359
358
360
360
358
360
360
360
359
358
360
360
360
360
360
360
358
360
359
360
358
360
360
360
358
360
353
353
351
347
348
274
345
342
334
333
327
326
320
319
316
314
274
311
307
306
300
301
294
288
285
284
279
277
274
268
265
260
259
256
257
252
250
246
245
244
235
236
234
232
231
227
224
218
217
215
214
213
211
210
205
200
196
195
189
184
185
180
179
177
170
168
166
162
159
158
154
152
146
145
139
139
139
136
136
133
129
129
122
122
122
115
113
110
103
98
98
97
92
91
87
86
85
83
84
84
88
90
95
97
106
107
110
114
118
123
125
129