14
14
15
13
17
13
14
15
14
16
13
16
17
14
14
14
16
17
15
17
14
13
17
15
14
16
17
13
13
17
14
13
15
15
15
14
16
16
17
14
14
15
15
14
13
14
17
17
17
17
14
16
16
16
13
15
13
17
13
17
15
14
15
15
13
17
14
17
16
17
17
14
13
15
17
13
15
15
17
15
14
14
14
14
14
14
17
14
15
16
15
14
13
17
14
16
14
15
16
15
22
25
26
32
31
37
310
41
44
45
50
51
52
56
59
58
62
63
67
71
74
72
79
82
88
91
95
98
100
104
108
109
114
116
121
122
125
126
134
135
138
140
142
146
148
151
150
155
162
166
166
168
167
307
169
176
180
183
187
194
194
197
203
205
205
210
215
218
216
217
219
220
224
230
234
237
239
241
247
252
255
258
264
268
270
276
275
278
279
284
286
288
290
294
296
296
300
306
306
307
306
306
297
298
292
289
287
285
282
275
273
268
266
260
254
254
248
246
244
240
232
230
226
225
223
216
211
214
212
205
206
202
195
193
190
187
181
182
177
177
174
172
166
163
163
158
155
152
145
141
137
135
129
126
128
124
124
122
117
114
110
110
110
106
103
99
94
90
87
86
86
82
81
74
72
68
65
58
60
55
53
48
47
40
35
36
32
29
26
27
19
21
19
17
13
14
5
8
0
0
6
4
10
13
18
18
24
23
28
29
29
31
35
37
43
44
48
50
54
59
61
69
69
75
76
79
82
82
81
86
91
97
100
101
105
107
112
110
114
113
116
116
121
121
126
126
129
132
134
132
134
137
137
141
145
144
152
154
155
157
160
163
167
169
172
173
180
183
180
184
187
194
197
198
202
201
206
212
213
214
218
225
223
232
354
232
292
238
240
244
244
250
250
250
255
261
259
264
265
272
272
268
272
271
271
268
271
269
270
271
268
270
271
272
271
272
271
270
271
272
269
269
271
271
272
270
268
270
268
270
268
271
272
268
271
269
270
272
268
272
268
271
272
268
269
268
270
269
272
270
271
272
269
270
268
271
270
268
270
268
270
269
270
269
270
272
270
272
272
270
270
268
270
272
268
270
272
270
272
271
272
268
270
272
271
272
270
271
270
268
270
272
272
271
272
269
269
272
269
270
271
279
280
283
289
292
298
300
304
305
309
316
319
319
324
326
330
332
335
343
344
349
349
352
360
359
360
360
360
359
358
360
358
360
359
358
360
360
360
360
358
360
360
360
359
360
358
359
359
360
359
359
359
360
358
360
360
360
360
360
360
360
360
360
358
360
360
360
358
360
360
360
359
358
360
358
358
360
359
360
276
360
358
358
360
360
360
360
360
358
360
360
359
360
359
360
360
359
360
360
360
360
359
360
358
358
360
360
359
360
359
360
359
360
358
360
358
360
359
360
358
360
359
358
360
360
360
358
360
360
360
360
360
360
359
360
359
359
359
359
360
358
360
359
360
359
358
360
359
360
358
358
359
360
358
360
358
359
359
360
360
359
358
360
359
360
360
360
360
359
358
360
360
358
359
360
360
360
359
359
360
359
360
358
358
358
360
358
358
360
360
360
360
360
360
358
360
360
343
360
312
360
360
360
360
360
359
359
360
360
360
360
359
358
360
360
356
358
360
360
358
360
360
359
360
360
360
360
360
358
359
360
359
359
360
360
360
359
358
360
360
358
358
360
360
360
360
360
358
358
360
358
358
360
358
359
360
360
360
360
358
359
360
358
360
360
360
358
360
360
360
358
360
360
360
359
358
360
360
359
359
360
360
358
359
360
359
360
359
360
358
358
358
358
360
359
360
360
360
360
360
360
360
358
358
360
360
358
360
359
359
359
358
358
360
359
358
360
358
360
360
360
359
360
360
360
360
360
358
359
360
359
360
360
358
360
358
359
360
360
360
360
360
360
359
360
358
360
358
358
359
360
359
360
360
358
360
360
358
358
359
359
360
360
360
358
360
360
360
358
359
358
358
360
358
360
359
358
359
358
358
359
360
359
359
360
360
359
358
360
358
359
360
360
360
360
358
360
360
360
360
359
360
360
358
358
359
360
360
358
358
360
359
359
360
358
360
360
360
360
360
360
359
359
359
360
360
360
359
359
360
360
359
358
358
359
358
358
359
359
360
359
360
358
358
360
359
360
359
360
359
359
358
360
360
359
358
360
360
358
360
359
358
358
360
284
360
359
360
360
360
359
360
360
360
360
360
360
360
358
360
358
359
360
358
330
359
360
360
359
360
359
360
360
358
360
360
360
358
359
359
360
360
360
360
360
360
358
359
360
360