19
24
24
28
30
33
35
34
40
38
44
42
46
54
54
62
61
64
66
70
67
71
73
76
79
82
88
87
95
98
100
101
102
107
109
108
108
115
116
122
123
125
129
136
137
139
144
145
145
148
151
152
157
165
166
169
171
173
176
176
177
183
185
189
196
198
203
208
211
213
216
222
224
226
234
237
235
241
244
245
251
250
253
255
258
264
266
271
275
275
281
283
342
282
283
289
292
290
294
296
297
304
308
312
313
318
319
326
329
332
335
338
340
344
347
348
352
355
360
360
359
358
359
359
360
358
358
360
358
359
360
358
360
360
359
360
359
360
360
358
360
360
359
359
359
358
360
359
360
359
360
359
359
360
358
358
359
360
360
359
359
359
359
360
360
360
359
358
360
360
359
360
359
360
358
360
358
358
360
360
360
358
358
359
360
359
360
360
360
360
359
359
360
360
360
358
360
360
358
360
360
356
354
354
350
301
347
339
336
331
332
329
325
325
326
320
317
317
316
311
306
306
302
295
289
290
287
280
275
275
273
270
268
262
261
257
251
247
246
245
239
235
234
230
224
222
218
214
210
209
209
205
203
203
198
199
195
192
190
185
182
178
178
177
174
168
170
162
159
153
149
147
147
144
140
136
136
133
131
125
124
121
116
113
110
105
107
102
97
93
91
87
80
80
72
70
67
66
60
58
59
61
70
71
79
76
77
80
86
93
94
96
103
107
109
111
117
120
122
325
125
123
129
131
131
133
142
144
146
150
156
158
165
164
167
169
174
178
181
183
190
194
195
202
209
212
216
216
219
219
224
230
234
234
238
241
245
251
249
254
257
256
258
260
261
268
270
272
275
279
283
288
288
293
296
300
301
303
305
311
315
317
315
317
323
324
330
335
334
340
342
346
345
352
356
360
360
359
360
358
355
353
351
346
340
338
336
331
327
324
323
318
313
308
304
302
298
298
294
289
286
283
279
277
273
270
266
266
264
260
258
255
251
250
243
245
240
234
234
229
225
220
217
214
208
205
208
200
196
196
190
188
187
179
175
174
169
162
162
156
154
151
151
146
142
140
135
137
132
128
125
122
122
122
118
113
112
111
103
99
100
92
89
86
321
84
79
75
74
71
71
67
63
59
58
55
55
51
48
41
44
41
41
42
40
44
40
40
43
40
41
44
43
40
41
44
42
44
44
43
43
40
44
43
44
41
40
40
43
43
42
341
42
41
41
42
42
44
40
44
44
41
41
41
41
40
42
43
43
44
44
42
41
40
44
40
40
44
41
42
43
44
42
41
43
44
41
40
41
42
43
43
43
41
43
330
43
43
43
44
41
44
44
43
44
43
44
44
42
42
42
42
40
41
43
44
43
42
42
42
41
42
40
44
44
42
41
41
42
40
41
41
43
44
44
42
41
42
41
44
42
41
43
43
43
44
40
42
41
44
44
42
43
40
319
42
40
41
42
41
40
44
41
42
43
42
42
40
43
40
41
42
41
43
40
42
42
43
43
44
44
44
40
41
41
40
42
44
44
40
44
44
40
40
40
44
43
43
44
41
41
43
40
41
44
43
40
44
44
43
40
44
43
42
43
41
41
43
44
42
47
48
47
48
52
58
61
65
70
74
74
78
80
83
85
89
94
97
100
103
109
113
118
121
124
130
135
140
143
150
149
153
156
162
164
168
172
178
181
182
180
182
184
185
190
193
197
198
202
205
207
206
213
217
222
222
221
226
225
231
235
239
240
246
250
250
253
257
257
258
265
264
270
274
277
280
281
286
287
289
290
295
296
300
302
307
311
312
319
322
326
327
333
333
335
342
343
348
348
351
345
344
343
337
336
331
327
324
323
325
320
317
317
312
306
305
302
298
293
293
289
283
280
275
270
263
261
258
255
247
246
244
237
232
229
224
222
218
213
207
203
200
200
194
194
189
185
181
178
174
173
174
172
167
162
160
156
150
150
149
143
141
141
137
132
135
129
126
123
123
119
116
117
115
113
114
108
105
98
100
93
95
92
83
85
77
74
75
70
70
67
68
63
62
57
55
50
42
41
37
38
34
33
26
26
21
16
12
6
4
4
0
2
0
0
2
0
2
1
0
1
1
0
0
0
0
0
0
0
0
0
1
0
0
0
292
0
1
0
0
0
2
0
0
0
0
0
0
0
0
0
1
0
0
0
1
0
0
0
0
0
0
1
0
1
0
0
1
1
0
1
2
0
2
0
1
0
0
0
0
2
1
0
0
1
2
1
0
0
0
0
1
2
2
1
1
2
0
0
0
0
0
2
0
2
0
0
0