11
6
0
0
1
0
0
0
1
0
0
1
2
1
2
1
0
2
2
0
0
0
0
0
1
2
0
0
2
0
1
0
0
2
0
1
2
0
2
0
1
0
1
0
0
1
1
1
0
0
0
0
0
0
0
2
1
2
2
2
1
0
0
1
0
0
0
1
1
0
2
0
0
1
0
1
0
2
0
0
2
0
0
0
0
0
0
2
0
0
0
2
0
0
2
0
0
1
0
1
0
1
0
0
0
2
0
0
0
1
0
2
0
0
1
2
2
2
2
2
2
0
2
0
0
1
0
2
0
0
1
0
1
0
2
1
0
0
0
0
2
0
0
2
1
0
0
0
2
0
0
0
0
1
0
1
0
0
2
0
0
2
1
0
2
0
0
2
0
2
2
0
0
0
1
0
0
0
0
1
2
0
0
0
2
0
0
0
0
0
1
0
1
0
0
0
0
1
2
2
2
7
12
13
14
16
20
24
23
24
33
33
37
38
41
45
51
53
59
63
63
68
71
69
70
73
79
82
86
87
86
89
91
95
92
97
101
104
103
104
107
107
110
111
115
113
122
125
126
130
130
137
137
143
147
148
148
152
154
157
161
163
167
171
172
173
176
182
183
186
188
192
194
198
202
205
208
207
213
213
220
225
227
346
231
229
234
231
232
237
240
242
246
252
255
258
266
266
268
272
272
271
273
272
272
273
275
271
271
274
271
272
274
275
272
272
275
275
271
273
275
271
274
273
272
271
272
273
273
273
273
274
273
274
273
271
274
271
271
272
275
273
271
273
273
275
272
271
272
272
275
271
275
271
272
274
274
273
275
274
273
275
272
271
272
271
275
274
274
273
273
272
272
271
272
272
272
272
271
273
274
271
275
275
272
275
275
273
272
272
275
273
271
273
274
273
273
273
273
273
272
275
271
273
271
273
272
273
339
274
272
273
273
274
275
273
273
275
272
272
274
275
274
273
271
275
274
272
271
272
275
275
272
271
272
275
272
275
274
273
274
271
274
275
274
274
271
274
273
275
272
271
355
275
273
273
274
271
272
271
271
273
273
275
271
273
271
272
273
275
274
271
274
275
272
271
273
274
272
272
271
275
274
273
274
274
275
271
272
274
272
272
272
345
274
271
274
275
274
273
275
280
281
288
290
292
297
300
306
309
312
317
320
323
329
329
333
336
336
340
345
293
347
353
355
358
359
359
359
360
360
359
360
360
359
360
359
360
358
358
360
358
360
359
358
360
359
360
360
358
360
359
359
360
360
360
360
360
360
359
359
359
358
358
360
360
358
360
360
360
358
360
358
358
360
360
358
359
360
360
359
359
360
360
360
360
359
358
358
360
360
360
360
360
358
359
360
360
360
360
359
358
358
358
358
359
358
360
360
358
358
360
360
360
360
360
360
360
358
360
360
360
360
358
360
360
359
359
360
358
360
360
360
360
360
360
360
358
360
359
360
359
360
360
360
358
359
358
360
359
359
360
360
358
360
360
359
360
360
360
359
360
360
358
360
359
360
360
360
358
358
359
360
360
360
359
360
358
360
358
360
360
360
358
359
360
359
360
360
358
359
359
360
358
358
360
360
360
360
360
358
360
360
360
360
360
359
360
359
360
360
360
359
360
359
360
360
360
360
358
359
360
359
359
360
358
358
360
360
360
360
360
359
360
360
360
359
360
360
359
360
360
359
359
360
358
360
360
358
358
360
358
358
358
359
359
360
360
360
360
358
360
358
359
360
360
359
358
359
360
358
358
360
359
358
359
360
360
360
360
360
359
360
360
360
360
358
360
360
360
358
358
360
359
360
358
360
359
358
358
359
358
358
360
360
358
360
360
360
358
358
360
360
360
360
360
358
360
360
360
359
360
360
358
360
360
360
360
360
360
360
358
360
360
360
360
360
358
358
358
359
359
360
360
360
296
360
360
360
360
359
360
359
358
359
360
360
359
359
359
360
360
360
359
360
360
358
360
360
360
358
358
360
358
360
360
360
359
359
360
360
360
358
360
360
360
360
360
360
360
359
358
359
360
360
359
358
358
360
359
360
358
359
358
358
359
360
359
360
360
359
358
359
360
360
360
360
359
360
358
360
360
360
360
358
360
360
360
360
360
358
360
358
360
360
359
360
360
358
360
360
360
360
360
360
360
360
358
359
360
360
360
358
360
358
358
358
360
358
358
359
359
358
358
360
360
358
360
358
358
360
360
360
359
359
358
360
358
358
360
358
360
360
358
358
360
360
360
360
359
360
358
360
359
359
360
360
360
360
360
360
358
360
360
359
360
359