25
23
20
19
15
13
9
6
4
2
0
0
0
0
308
0
0
2
0
0
2
0
0
0
2
0
0
0
1
0
0
1
1
1
0
2
1
0
2
0
0
2
0
2
2
0
0
0
2
0
1
0
0
2
0
1
1
0
2
1
0
0
0
0
2
0
2
0
1
2
0
1
2
0
0
0
0
1
0
0
0
0
0
0
2
0
0
0
1
2
1
0
2
0
2
0
0
2
0
1
0
0
0
2
2
0
0
2
0
0
0
0
0
0
0
0
2
0
1
1
1
0
0
1
0
0
0
0
0
1
0
0
0
2
0
2
2
0
0
1
1
0
360
0
0
2
0
2
0
1
0
0
0
0
0
2
0
0
0
0
1
2
0
1
0
0
1
1
2
0
0
1
0
1
0
0
2
0
0
0
0
2
2
2
0
2
0
1
0
0
2
0
2
0
0
2
2
2
0
0
0
2
4
7
9
9
13
19
23
24
29
32
30
34
36
36
40
45
52
53
55
56
63
66
68
72
75
77
79
76
84
88
90
93
98
101
100
103
109
114
115
121
124
128
133
131
136
138
140
142
146
150
156
158
162
167
169
171
179
181
186
189
192
198
198
200
203
203
208
216
218
220
224
276
231
233
236
240
240
242
247
246
251
255
255
255
257
259
262
266
268
271
272
279
278
284
286
285
286
292
294
294
300
304
303
308
311
311
317
320
324
328
329
331
337
340
343
347
348
354
357
360
360
360
360
360
358
360
360
358
360
360
360
360
360
359
360
360
359
360
360
360
358
360
358
360
358
360
360
360
360
360
360
359
360
358
360
359
358
360
359
359
358
359
360
359
359
360
360
360
360
360
360
359
360
360
358
358
358
359
360
272
358
359
360
360
360
358
360
271
358
360
360
358
360
359
290
360
360
360
360
355
356
354
348
345
347
343
343
339
335
332
332
330
328
323
318
320
314
311
309
303
298
297
293
292
284
284
284
276
291
278
274
274
267
265
265
262
257
255
252
251
249
245
238
238
237
233
229
226
220
218
217
213
210
206
203
201
199
197
195
192
186
186
182
174
303
173
165
164
159
153
150
148
144
140
136
135
130
126
125
124
122
121
116
111
106
105
104
97
100
93
88
88
85
77
73
70
65
66
66
68
72
74
78
80
84
89
93
96
97
98
103
107
109
113
114
117
123
126
130
136
134
136
140
148
151
154
156
161
162
162
166
171
171
176
178
181
185
187
191
191
196
196
201
201
206
209
213
218
221
224
227
233
236
242
242
242
245
249
248
249
253
255
259
262
261
261
266
268
273
280
282
286
291
291
298
298
305
306
308
311
315
319
324
327
329
334
337
344
345
346
349
353
353
358
360
358
358
359
355
281
353
353
351
350
347
342
337
337
331
329
327
323
322
314
313
309
303
301
298
293
289
287
284
284
282
280
277
276
271
266
268
263
256
253
250
248
244
241
240
234
231
224
220
214
216
213
207
208
204
197
195
188
186
183
175
175
170
168
163
162
158
159
154
152
149
148
142
144
140
135
131
127
119
114
111
105
103
100
95
348
95
90
86
89
80
80
81
76
71
67
66
65
63
58
58
50
52
47
43
43
43
46
44
43
43
47
45
46
47
46
45
44
43
45
45
319
46
45
46
46
43
43
43
43
45
44
43
47
44
46
44
46
43
45
46
45
47
43
45
47
47
45
46
45
44
47
44
45
47
46
47
43
47
45
46
46
43
44
46
45
45
47
47
46
45
46
46
43
45
46
45
46
43
45
47
47
43
46
47
45
45
45
44
43
47
47
47
43
46
46
43
47
46
43
46
46
46
47
43
46
45
46
45
46
44
43
47
45
47
47
46
44
45
45
44
44
47
43
44
46
43
47
46
44
43
46
46
45
43
44
44
46
43
44
46
45
46
44
46
45
43
45
44
44
43
47
44
46
44
44
45
47
43
43
47
44
46
47
47
45
43
44
43
46
47
44
43
44
47
44
45
45
45
45
43
43
47
46
46
47
45
46
45
43
46
45
46
43
46
46
44
43
43
44
45
47
45
46
46
43
41
34
36
29
25
24
22
23
18
16
13
5
3
0
0
0
0
0
0
0
2
0
0
0
0
1
0
0
2
2
2
0
0
0
0
1
0
2
0
0
0
0
1
0
0
2
0
0
0
1
2
0
2
1
0
0
0
1
2
1
0
1
2
0
0
0
0
1
0
1
0
0
2
2
2
1
0
1
2
0
0
2
0
0
332
0
0
0
344
0
2
1
0
0
0
0
2
0
1
8
7
12
17
20
18
24
27
32
31
33
37