23
21
23
23
24
21
23
22
23
23
21
22
22
23
24
23
24
21
24
23
24
22
21
21
25
22
21
21
24
24
22
21
25
25
24
23
25
22
23
25
23
24
21
22
25
23
336
22
25
24
24
25
25
24
25
23
25
25
23
23
22
23
24
21
23
23
23
23
21
25
22
24
23
23
24
21
22
21
24
22
22
25
22
23
25
24
22
23
22
23
23
21
25
23
22
24
22
22
25
25
24
23
25
22
25
21
22
25
22
24
23
21
25
25
22
25
24
21
25
22
23
24
22
21
21
25
23
21
21
23
24
25
21
22
23
24
23
21
21
25
22
21
24
24
24
23
23
25
23
25
24
25
21
22
22
22
21
21
25
25
22
24
21
21
24
21
23
22
23
23
25
23
21
25
25
23
22
24
23
25
21
21
25
25
21
23
23
22
24
25
25
22
21
23
24
22
25
21
21
25
27
30
36
41
44
44
51
53
59
61
67
70
69
73
76
352
79
82
83
90
92
95
100
103
110
110
112
116
118
116
122
127
127
131
133
140
139
145
148
152
154
160
166
167
167
167
172
173
179
182
185
190
192
199
201
200
202
209
210
214
216
220
226
224
229
232
232
236
241
244
245
243
247
251
253
259
263
263
267
271
273
275
275
283
287
290
290
296
301
301
308
313
317
320
321
325
330
328
334
333
328
326
324
317
316
319
318
313
311
308
307
302
297
294
292
291
289
284
283
277
275
273
272
264
262
258
257
253
249
243
241
239
236
236
230
230
228
224
225
217
216
212
207
204
200
193
192
189
184
184
182
176
174
170
164
165
161
154
153
148
142
138
139
135
133
133
126
125
119
119
113
113
110
110
106
104
102
103
100
97
94
91
90
86
83
81
82
76
72
74
71
66
65
65
63
59
56
54
47
45
48
50
54
58
60
63
63
66
71
73
76
80
78
79
83
82
90
88
95
94
99
103
104
108
107
113
115
117
122
127
131
133
138
139
142
149
154
156
156
161
160
167
169
171
175
175
177
183
184
184
190
188
192
195
197
198
202
207
210
213
218
220
221
222
224
225
229
233
233
233
239
240
242
245
248
249
251
256
259
258
258
264
263
270
271
276
280
279
284
287
296
298
301
305
303
310
314
315
320
322
324
322
324
322
322
324
323
323
321
322
325
324
323
322
325
322
325
321
323
325
321
323
321
325
324
321
325
321
324
324
324
322
323
323
323
324
325
322
323
323
323
321
321
323
321
323
323
323
322
324
325
321
324
321
324
321
321
323
321
323
321
323
324
324
322
324
321
322
324
323
323
323
322
321
325
325
322
324
324
321
324
323
325
322
324
324
323
325
323
321
323
325
324
321
323
322
322
325
324
323
322
315
311
305
303
299
298
296
291
287
284
282
279
276
272
264
259
256
254
251
243
242
242
234
230
230
227
220
213
211
207
199
201
193
189
187
183
179
175
174
166
168
161
163
160
155
153
153
147
143
140
141
140
136
134
133
128
125
119
117
110
109
104
102
101
99
97
96
93
94
91
85
87
79
76
71
70
67
64
64
57
55
53
50
45
43
38
30
27
24
23
20
15
12
9
5
2
3
2
1
4
8
9
9
11
17
20
23
23
26
29
31
33
357
33
39
44
50
50
58
61
63
68
67
70
76
78
78
85
88
90
97
100
103
102
109
106
110
116
123
125
125
131
130
137
141
146
146
150
153
160
163
166
170
170
171
174
180
183
184
183
189
186
192
193
196
196
197
201
205
210
211
219
219
218
225
225
225
231
235
237
241
241
243
247
252
257
257
257
264
265
272
275
279
281
284
288
290
294
295
297
296
294
296
294
295
296
293
294
296
293
296
295
294
294
295
293
294
293
296
295
293
294
296
294
295
295
297
296
293
293
294
293
294
293
293
297
297
294
279
294
293
295
297
295
294
295
297
296
293
295
297
297
294
297
296
296
295
293
293
295
293
293
293
294
294
293
294
296
293
296
294
295
294
296
293
297
297
297
293
296
295
294
297
297
294
296
293
295
297
295
297
297
293
293
293
294
297
293
295
294
290
288
287
281
281
276
274
267
266
257
257
254
250
248
245
241
237
233
227
221
218
216
212
209
204
200
197
194
190
189
182
182
177
176
171
170
166
159
158
152
152
151
145
143
137
138
133
128
127
121
120
111
110
109
105
105
102
97
95
89
91
86
85
76
75
73
68
69
67
65
64
59
55
52
49
46
43
40
37
36
28
27
27
27
21
22
17
14
13
8
5
0
1
0
0
1
0
0
0
1
0
0
2