17
14
13
12
12
7
6
2
0
0
0
0
0
0
0
1
0
2
0
0
0
0
0
1
1
0
2
1
0
0
0
0
0
0
2
0
0
0
0
1
306
2
0
0
2
2
0
2
273
0
2
0
2
0
0
1
2
0
0
0
2
0
0
0
0
2
0
0
0
0
0
0
2
1
0
0
2
0
0
0
0
1
0
0
0
0
0
0
0
0
1
294
0
0
2
2
0
0
0
0
3
336
6
8
15
13
17
22
27
27
28
31
32
39
39
44
51
51
54
58
62
61
64
67
72
78
82
84
89
92
95
96
101
105
107
112
113
116
118
122
128
129
131
132
136
136
139
145
152
155
155
160
161
169
171
171
175
178
181
183
185
188
191
192
191
195
202
204
209
212
216
218
223
225
228
228
229
237
240
239
244
253
251
257
258
262
264
269
272
276
277
278
286
290
291
297
300
301
302
304
308
313
314
322
324
330
330
331
335
340
342
348
351
358
360
360
360
359
360
360
360
359
360
360
360
360
360
360
358
360
360
360
360
360
360
360
360
359
360
360
358
360
360
360
360
358
360
358
360
359
359
360
360
358
358
360
360
360
360
360
360
360
360
360
359
358
359
359
360
358
360
360
358
360
360
360
359
360
360
360
360
360
360
360
360
359
360
358
358
360
360
358
360
359
358
359
360
359
360
358
359
358
358
360
360
360
360
360
360
358
359
359
360
360
359
360
360
360
360
358
360
360
358
359
360
358
358
360
359
360
360
360
360
360
359
360
359
360
360
360
360
358
360
360
360
360
360
358
360
360
358
360
359
358
359
360
360
359
360
360
360
360
360
358
360
359
358
360
360
359
358
360
360
358
358
359
359
360
359
360
358
360
360
360
360
359
360
359
360
360
358
359
360
360
360
358
360
288
360
360
359
360
359
358
358
358
360
360
360
358
358
358
360
360
360
359
360
360
360
360
359
360
360
358
360
359
359
360
360
360
359
360
360
360
360
360
360
360
359
360
360
358
358
360
359
360
360
358
360
360
359
360
358
359
360
360
359
360
360
360
360
360
360
360
358
358
358
358
360
360
360
360
359
360
358
359
360
358
360
360
359
359
358
358
360
359
360
358
358
360
358
358
359
356
358
358
360
360
358
360
360
360
359
360
358
360
360
360
360
358
359
359
358
359
360
360
359
359
358
360
360
360
360
360
360
360
358
360
360
359
360
359
358
359
360
358
360
360
360
360
360
359
360
360
359
358
360
360
360
360
359
360
360
360
360
358
359
360
360
360
360
360
359
360
360
359
358
360
358
358
360
360
360
360
359
360
360
360
360
358
360
358
360
359
360
360
358
360
360
360
360
359
358
360
358
358
360
360
359
358
360
358
359
358
360
360
359
359
360
358
360
358
358
360
360
360
359
360
359
359
358
360
360
360
358
359
360
360
358
358
359
360
360
360
358
359
360
360
360
359
360
360
358
360
359
360
360
358
360
360
360
360
359
360
358
360
360
360
360
360
360
358
359
360
359
360
360
360
360
360
360
360
359
358
359
360
359
360
360
358
359
360
359
359
360
358
359
360
360
360
360
360
358
360
360
359
360
359
360
343
358
360
360
360
360
360
360
359
360
360
358
360
360
359
359
360
360
359
360
360
360
360
360
360
360
360
360
360
360
360
360
360
360
360
359
359
360
360
359
360
360
358
358
360
359
360
359
358
360
360
360
359
359
360
358
360
358
360
360
360
360
360
358
358
360
360
358
360
360
359
358
360
358
360
360
360
360
360
358
360
359
360
358
360
360
359
358
358
360
360
358
359
360
359
360
358
359
358
359
359
357
349
345
343
341
338
336
336
331
327
325
322
322
315
313
314
308
309
307
302
297
293
291
286
281
281
280
271
270
264
264
256
253
247
246
243
239
234
236
229
231
227
224
221
219
212
207
205
200
198
195
187
187
182
179
180
278
173
173
167
165
166
164
157
157
152
150
149
144
144
142
138
134
135
131
129
128
122
122
122
118
118
112
115
111
109
100
100
95
91
83
80
72
69
65
61
58
57
53
49
52
48
50
50
50
50
51
52
50
48
49
50
51
50
49
49
50
52
50
50
51
51
50
52
50
51
52
51
48
51
48
50
49
51
48
48
50
49
48
48
51
50
51
49
51
49
50
52
48
48
48
49
50
48
52
50
51
48
52
50
52
48
48
49
50
51
49
49
48
50
51
49
49
50
48
49
52
48
50
50
49
52
49
48
48
52
51
49
52
50
52
50
51
50
52
51
50
50
52
49
51
54
57
57
59
62
66
71
69