15
13
14
13
13
14
14
14
12
14
15
12
16
13
16
13
14
12
13
15
15
14
15
15
13
13
13
13
16
15
12
16
13
14
14
15
12
15
13
12
12
13
12
15
12
342
16
15
12
12
16
16
13
13
13
15
12
15
16
15
16
14
14
16
309
14
14
16
13
15
12
15
14
16
14
15
12
16
13
12
14
14
12
15
16
15
14
16
14
15
16
15
15
14
13
16
12
13
13
16
12
7
5
1
0
2
0
0
0
0
0
0
2
0
0
0
1
0
0
0
2
2
2
0
0
0
0
2
0
0
1
0
2
0
2
0
0
0
0
0
2
0
0
0
0
0
0
1
0
0
347
2
0
0
2
1
0
0
1
0
0
0
0
2
0
0
0
2
0
0
0
1
0
0
0
0
2
0
0
1
0
2
0
0
2
1
0
2
1
1
0
1
0
1
0
0
1
0
1
0
1
2
0
0
0
2
0
0
0
1
0
2
0
0
2
1
2
2
0
0
0
0
2
1
0
0
0
0
0
0
2
0
2
2
0
2
0
0
1
1
1
2
0
2
1
2
0
2
1
0
0
1
0
2
2
0
0
2
1
0
2
0
2
2
0
1
0
1
1
0
2
0
0
1
0
1
0
0
2
0
0
0
1
0
0
0
2
1
0
1
0
2
2
0
2
2
0
0
2
0
5
6
10
11
12
14
21
24
28
34
36
37
284
41
45
44
45
50
53
57
63
66
69
70
75
77
77
79
83
88
87
89
94
97
100
101
104
109
114
112
116
115
121
120
127
128
131
134
133
135
134
140
140
145
149
152
152
156
161
163
163
167
172
176
181
183
184
185
192
195
198
199
206
210
210
215
215
218
222
224
224
226
232
235
241
245
245
252
254
254
261
263
266
272
278
271
279
279
284
291
344
292
294
300
301
309
308
312
315
315
316
319
324
327
331
336
340
343
348
351
354
357
357
360
360
359
359
360
360
360
360
360
360
358
360
360
358
359
359
358
360
358
359
358
358
359
360
358
360
360
360
359
358
360
360
360
358
359
360
358
360
360
360
359
359
360
358
359
359
359
358
360
358
359
359
360
359
360
360
360
358
360
359
360
360
358
358
360
358
360
358
360
359
359
360
360
360
360
358
358
358
359
358
360
360
360
360
358
360
360
360
360
360
290
360
360
360
359
360
360
360
358
360
360
360
359
360
360
358
360
359
360
358
360
360
360
360
360
360
358
360
360
360
360
360
359
359
360
359
360
358
360
358
360
360
359
360
359
359
360
360
360
360
360
360
359
360
360
360
360
359
360
359
360
360
360
360
360
360
360
360
360
358
358
360
359
360
360
359
358
360
360
360
360
360
359
360
360
359
360
358
356
352
347
346
337
334
332
327
328
324
320
316
313
310
311
307
304
298
298
295
289
286
285
280
279
278
275
272
274
272
345
269
264
260
259
257
257
255
250
249
245
245
237
234
229
229
224
218
211
209
205
204
203
195
197
193
188
187
182
316
181
177
176
174
169
166
161
157
158
154
148
144
139
137
131
127
124
122
114
114
111
110
107
104
100
98
93
96
89
88
83
79
78
70
68
64
61
55
55
56
60
64
65
66
68
73
76
79
86
88
91
97
99
105
105
107
112
117
120
124
126
127
131
136
137
145
149
155
160
161
164
168
170
176
177
182
181
186
193
195
201
201
203
204
206
208
207
210
212
218
219
224
225
227
231
231
234
236
241
246
250
256
260
259
262
268
268
274
273
279
276
280
281
285
285
289
293
297
296
301
307
305
313
313
315
320
321
323
328
334
336
341
341
342
342
348
352
353
357
356
357
354
357
355
355
355
356
356
353
357
356
357
353
355
353
353
357
353
356
353
355
353
354
354
354
353
356
357
356
357
354
354
356
355
354
356
356
353
355
354
357
355
354
355
357
355
354
357
353
353
354
354
354
356
357
356
354
353
357
357
353
356
353
357
355
355
354
356
357
353
354
353
353
353
341
357
354
354
357
300
354
356
357
357
355
353
356
355
354
355
354
355
354
355
356
355
356
353
353
360
360
359
360
360
358
360
360
359
360
358
359
358
360
358
359
359
360
360
360
360
360
358
360
360
360
358
360
360
360
360
360
360
359
359
360
358
321
358
360
358
360
360
358
360
358
360
360
360
360
360
358
358
358
360
358
360
360
359
358
358
358
360
360
359
360
359
360
358
358
360
360
358
358
360
359
359
358
359
360
358
360
359
360
360
360
360
359
360
358
360
360
360
358
358
360
359
358
360
360
360
360
358
360
358
358
360
360
360
360
360
360
359