19
16
11
7
4
0
0
0
0
0
2
0
2
0
0
0
1
0
2
0
0
0
0
0
0
1
0
0
0
0
0
0
0
0
2
1
1
0
0
0
0
0
0
2
0
356
0
1
0
0
2
2
1
0
0
0
0
0
1
0
0
0
0
0
0
0
0
0
0
1
1
0
0
0
0
2
0
0
0
0
2
1
2
0
0
289
0
0
0
0
1
0
2
2
0
0
0
2
0
0
0
1
0
0
2
2
0
1
2
0
0
2
1
2
0
0
0
0
0
0
0
2
2
1
0
0
0
1
2
0
2
0
2
0
0
0
0
2
0
0
0
0
0
1
1
0
0
2
1
302
0
1
0
0
1
2
0
0
0
2
2
0
0
2
0
1
0
1
0
0
0
2
2
0
1
2
1
2
1
0
0
2
1
0
1
2
2
0
0
1
2
1
0
0
0
2
2
1
0
0
1
0
0
0
0
0
0
0
0
2
0
2
2
0
0
1
2
2
1
0
1
2
0
1
2
0
1
0
0
0
0
0
2
0
0
1
0
0
1
0
2
2
2
2
1
1
2
0
1
1
0
1
1
0
0
0
0
0
0
0
0
2
2
0
0
0
0
0
0
1
1
2
0
0
0
0
0
0
0
0
0
0
0
2
0
1
0
2
2
0
0
2
1
0
2
1
0
1
0
0
0
0
0
0
0
2
2
0
2
2
0
2
2
1
1
0
0
0
0
0
1
2
0
2
0
2
2
280
0
1
0
0
0
0
0
0
1
2
0
0
2
0
1
1
0
0
0
1
0
2
0
0
1
1
0
0
0
2
0
0
0
0
0
0
0
0
0
2
1
0
0
2
0
0
2
0
0
0
0
2
0
0
2
0
1
2
0
2
0
0
0
1
0
1
0
0
0
0
0
2
1
0
0
2
331
0
0
2
0
0
0
0
0
0
0
0
0
0
0
2
0
0
0
0
0
2
0
0
0
0
1
0
0
0
2
1
2
0
0
2
2
0
0
0
1
1
2
0
0
1
2
0
0
1
0
0
0
0
1
0
0
0
0
2
0
0
0
0
0
0
0
0
1
0
2
1
2
2
2
0
1
2
1
1
0
2
0
1
1
0
0
0
1
0
0
1
1
0
0
0
0
5
11
12
18
18
19
24
29
28
35
35
39
38
40
42
46
52
59
61
64
64
72
74
74
78
80
86
88
94
96
97
101
103
104
109
110
111
112
121
122
125
128
128
130
127
132
134
138
145
149
149
151
155
159
163
163
168
167
168
171
172
175
180
181
183
184
189
187
192
196
195
199
202
201
206
208
354
209
216
218
221
224
225
228
234
234
236
240
243
244
248
254
257
258
260
263
263
268
272
266
263
257
252
251
247
244
237
239
233
227
223
224
220
219
220
216
211
205
205
202
201
201
196
194
188
183
180
177
173
172
164
162
156
151
150
145
139
138
137
132
132
125
122
117
113
109
105
103
98
98
95
91
86
86
82
76
75
69
68
67
65
64
63
55
49
48
45
41
39
353
35
31
30
25
24
19
21
17
10
7
4
0
1
0
1
1
0
1
1
0
1
0
0
2
0
2
0
1
2
0
4
8
13
11
18
18
25
25
30
31
34
38
40
43
43
49
54
55
57
59
62
63
70
71
73
76
82
82
87
88
94
101
102
107
111
115
117
122
126
129
132
132
137
138
143
140
144
145
146
152
157
159
162
164
163
164
172
170
175
180
180
186
188
191
197
202
207
210
213
218
223
227
233
236
236
242
246
252
255
254
260
262
262
264
271
272
274
277
284
284
288
288
292
299
302
307
309
284
316
310
305
304
305
300
301
297
297
294
278
291
290
287
285
280
276
275
274
268
268
266
260
255
252
247
245
245
241
232
234
231
222
219
222
218
219
216
212
281
211
208
208
204
198
194
191
187
184
184
180
177
174
168
166
163
164
158
155
153
152
146
143
136
135
131
134
131
129
124
124
123
116
113
114
110
107
99
98
348
95
98
96
89
90
85
85
81
81
78
74
77
70
65
63
64
61
60
56
52
51
47
45
40
38
34
30
27
23
19
16
14
12
7
5
2
3
0
1
0
0
0
0
0
0
0
1
2
0
0
0
0
2
0
1
0
1
0
1
0
1
1
1
0
0
2
2
1
2
1
2
1
0
2
0
2
0
0
1
2
0
1
0
1
0
338
0
2
1
2
0
2
2
334
1
0
0
1
2
1
0
0
1
0
0
0
1
1
0
2
0
0
0
0
1
2
0
2
1
2
1
1
1
2
1
1
2
2
0
0
0
2
0
1