11
11
11
16
19
20
24
30
34
40
44
45
49
54
58
63
67
67
71
73
79
78
81
82
87
89
94
95
98
102
102
104
110
116
117
119
122
122
123
128
137
139
145
146
150
153
156
160
164
168
174
173
176
182
184
190
190
194
197
200
206
209
212
211
215
216
222
227
231
236
239
241
243
247
249
254
259
259
261
266
266
272
271
271
276
282
284
284
287
293
297
299
302
305
311
312
318
319
326
327
325
321
319
314
309
309
307
302
293
292
290
284
276
275
270
269
265
263
266
261
258
256
250
251
252
249
246
237
236
232
227
225
219
218
215
210
208
207
201
196
197
194
191
192
187
187
182
175
173
171
167
164
162
160
154
152
148
146
138
135
131
127
125
121
122
121
119
115
113
107
106
102
98
95
96
95
91
82
83
79
77
69
70
64
66
61
61
55
55
52
49
44
41
39
36
33
32
30
27
27
28
31
29
35
40
39
46
43
46
49
49
54
51
54
55
59
64
67
73
75
80
83
86
87
93
96
98
102
102
107
106
106
111
113
118
117
122
120
124
129
134
136
141
145
144
147
150
157
161
159
162
163
165
167
173
178
178
180
185
185
190
190
195
199
199
199
200
204
208
212
214
219
219
222
226
224
230
234
240
243
245
252
255
257
257
262
267
269
272
272
275
281
283
286
289
291
296
302
304
309
307
307
308
306
308
306
306
308
307
309
309
309
309
308
309
308
308
306
308
307
308
310
306
310
307
308
307
307
308
307
307
309
307
310
310
309
307
308
307
306
310
310
307
309
309
308
306
308
309
308
310
308
308
308
309
307
309
310
309
310
306
306
307
306
308
306
306
310
307
310
309
308
306
308
310
308
306
309
306
306
310
310
310
306
308
307
309
307
310
309
310
308
310
308
306
309
307
310
308
307
306
306
307
307
310
308
307
309
308
310
310
310
308
310
308
308
308
307
308
306
307
306
306
310
308
306
306
309
310
306
310
306
307
308
310
308
307
306
307
306
310
309
306
310
306
306
310
306
309
310
308
306
308
307
307
308
307
307
308
308
309
308
308
309
308
309
309
306
307
309
309
307
309
307
310
308
310
306
310
308
307
307
309
310
308
308
307
306
306
309
307
308
309
309
308
309
308
307
307
309
306
309
309
309
310
306
309
308
309
308
308
309
310
308
309
308
307
310
308
310
308
309
309
307
310
309
308
310
308
309
306
307
307
306
309
309
306
308
306
307
308
309
306
306
306
306
307
306
309
310
310
309
310
308
306
308
309
306
309
308
310
307
308
306
310
308
307
307
306
306
307
308
309
306
309
307
309
306
309
309
307
308
306
306
310
307
309
306
308
309
308
309
309
306
306
306
310
306
308
310
308
307
309
306
306
308
310
309
306
306
306
306
307
307
307
309
307
306
310
307
307
350
308
307
306
310
308
306
307
307
307
309
308
307
308
307
307
308
309
310
308
309
310
310
307
309
307
309
308
307
310
308
309
307
308
310
310
310
306
307
309
307
306
310
306
306
307
307
309
309
310
308
309
309
307
307
308
306
306
308
306
310
308
307
306
306
307
310
310
308
308
306
310
309
310
306
308
309
309
308
308
303
302
300
302
300
299
295
294
289
283
284
283
279
279
279
271
269
264
262
257
254
253
250
251
248
243
241
239
233
229
228
223
219
220
214
209
206
204
200
196
192
193
192
186
183
180
178
272
175
174
285
169
164
163
157
153
154
151
150
149
143
139
137
134
133
127
127
119
115
110
109
109
104
101
94
90
87
82
79
78
74
70
69
67
64
58
57
54
54
50
52
46
43
39
34
30
25
24
22
18
20
22
317
18
21
19
21
22
19
21
19
18
21
18
19
19
21
22
19
21
22
19
20
21
18
19
19
18
20
18
20
22
21
20
19
21
18
22
20
22
19
21
19
20
19
22
20
19
21
18
19
22
19
18
18
20
20
22
19
21
22
21
20
19
22
21
20
21
19
19
18
18
19
19
21
22
19
21
20
19
20
19
22
20
18
19
20
21
22
18
22
19
18
22
20
19
21
20
19
20
28
30
32
35
40
40
40
46
48
52
53
58
59
64
66
68
73
75
81
85
85
87
89
92
95
99
107
107
110
112
116
124
123
126
127
129
132
133
134
139
142
141
143
146
151
150
155
159
162
165
165
165
168
169
176
177
184
187
187
192
195
196
200
200
202
205
208
215
218
224
223
227
232
236
238
241
243
246
254
258
260
267
268
273
277
278
281
288
288
291
293
297
297
301
300
305
308
308
313
310
309
310
309