39
43
44
42
45
49
53
53
55
58
63
62
65
73
74
80
82
87
87
91
92
98
103
103
107
109
115
116
120
120
123
129
128
134
139
142
145
150
154
154
158
158
166
169
171
170
176
177
176
179
183
186
190
189
193
196
198
201
201
206
214
217
221
224
226
228
229
236
236
239
241
244
245
247
249
250
259
257
258
266
265
272
276
277
283
283
283
284
289
289
297
298
304
308
311
310
312
314
317
320
318
317
313
309
308
305
302
300
300
298
291
290
289
351
291
287
285
280
281
279
277
268
266
268
263
262
259
255
253
251
244
241
241
241
232
233
226
227
226
227
226
221
215
218
213
205
200
200
195
193
194
190
189
184
176
176
172
168
163
163
160
155
149
145
147
138
137
138
134
132
128
125
123
119
118
115
113
113
113
109
104
101
101
94
94
86
84
84
82
79
73
69
66
65
60
55
56
56
50
46
45
48
48
46
48
45
45
45
350
49
49
48
47
46
46
49
46
48
46
48
45
46
47
46
46
47
45
49
48
46
49
46
46
47
49
49
46
47
45
45
48
47
46
48
49
48
48
46
48
48
47
49
47
49
48
49
49
46
47
46
46
48
48
47
45
45
47
46
47
45
48
48
45
49
46
49
47
46
47
45
49
45
47
46
46
49
45
49
45
49
46
48
48
45
48
46
46
45
45
49
43
38
37
35
34
29
25
23
20
20
20
11
7
7
2
0
1
0
0
0
0
0
1
0
2
2
1
0
1
1
0
1
0
0
1
0
0
0
0
0
1
2
1
0
1
0
0
2
0
0
0
0
2
2
0
2
0
0
1
0
0
0
1
2
2
0
0
0
0
2
0
0
0
0
2
0
2
2
0
0
0
1
0
0
0
0
1
0
0
0
2
2
0
1
0
1
1
2
0
0
1
5
7
13
12
20
18
20
25
30
32
33
40
38
44
43
51
54
58
64
69
71
348
72
73
79
81
83
89
94
99
101
102
104
106
112
117
122
123
127
127
130
133
132
139
141
144
149
153
155
156
159
162
162
167
170
174
172
176
180
183
186
192
192
197
200
202
206
207
211
216
219
225
226
228
234
234
237
241
245
244
244
250
254
256
262
262
270
270
272
273
279
283
291
293
297
300
301
308
312
308
304
300
297
293
290
288
283
283
282
280
274
273
270
266
261
264
262
256
253
252
246
244
241
238
236
234
233
227
350
227
222
219
214
211
206
202
204
197
198
193
188
188
188
183
175
172
171
170
166
163
159
159
156
157
153
153
151
147
148
146
142
135
136
134
128
123
122
118
115
111
111
104
104
102
99
96
93
89
85
80
72
71
70
65
59
55
54
46
48
44
38
36
33
27
29
28
24
18
19
16
18
16
18
17
17
330
20
18
19
17
20
16
19
18
19
18
20
16
20
19
18
19
18
20
18
20
19
16
18
16
19
18
20
16
18
17
20
18
18
18
20
17
17
17
16
20
17
17
20
20
20
18
18
16
19
19
19
17
16
16
20
18
20
18
16
19
20
18
17
17
18
19
20
20
18
19
19
17
17
17
20
16
19
18
16
18
20
18
20
17
19
16
18
20
19
19
20
16
16
18
16
12
11
3
2
0
0
0
0
1
2
1
2
0
2
0
0
0
2
0
0
0
0
0
0
0
0
0
2
2
0
0
0
0
0
2
0
0
0
0
0
2
2
2
2
0
0
2
0
1
0
0
0
1
0
0
2
0
0
0
0
2
0
2
2
1
0
2
0
0
0
2
0
0
0
2
0
0
1
2
0
0
0
0
0
0
2
0
2
0
1
0
2
2
2
0
1
2
0
2
4
7
13
17
24
22
27
32
30
31
36
43
47
46
55
56
62
62
65
67
69
73
75
76
82
86
86
89
89
97
96
101
105
104
108
112
119
118
122
125
129
133
137
139
140
142
143
147
147
151
156
154
157
160
163
163
167
172
177
178
184
184
187
193
190
198
201
206
210
213
214
218
222
228
228
231
237
240
239
241
245
250
250
256
261
263
267
268
271
275
277
279
284
288
290
293
297
301
302
298
302
301
300
300
302
299
302
302
300
299
298
299
300
302
298
299
300
300
300
298
301
299
300
298
298
299
298
298
299
299
301
298
300
301
302
298
302
299
302
299
292
301
301
299
300
301
298
302
298
299
301
300
301
302
302
299
299
299
302
301
302
299
298
302
300
298
299
302
299
299
299
302
302
300
298
299
299
301
301
299
300
299
302
300
302
299
299
298
298
302
299
301
302
301
301
302
301
301
298
300
302
300
302
302
299