32
35
32
36
35
34
36
35
32
355
32
34
34
36
32
33
36
33
32
33
36
36
36
35
35
35
33
36
36
33
32
32
35
32
34
35
34
36
34
33
33
35
33
34
32
35
36
34
32
36
36
33
35
36
35
33
35
32
35
36
34
36
34
33
35
35
36
34
33
36
35
36
35
34
35
35
36
33
34
32
33
33
36
33
36
33
35
33
34
34
33
32
34
35
33
33
32
33
35
32
37
42
43
41
43
47
48
54
57
59
60
64
66
68
75
76
80
83
85
90
94
98
98
101
103
103
106
110
114
115
118
116
125
127
130
133
137
140
137
144
142
142
147
149
154
158
160
165
168
172
177
178
183
184
191
196
198
201
208
209
213
217
217
219
224
227
233
232
235
240
240
243
247
250
253
258
258
259
264
268
271
277
278
279
282
281
284
290
290
292
297
300
303
304
310
314
317
322
328
329
336
340
341
344
350
356
360
360
360
360
360
360
358
360
360
360
360
360
359
358
360
358
360
360
358
359
359
358
359
359
360
360
360
358
360
360
360
360
359
360
360
358
360
359
358
358
360
360
360
358
360
359
360
360
359
359
359
360
359
360
359
359
358
286
360
360
360
360
358
360
358
360
358
360
358
359
358
359
360
359
360
360
360
359
358
360
360
359
360
360
359
360
360
360
358
358
360
360
359
359
360
360
359
360
360
360
359
360
326
360
359
360
360
360
360
360
360
360
358
360
360
358
360
360
360
358
360
358
358
360
359
360
360
360
360
360
358
360
359
360
359
358
360
360
360
360
360
358
360
360
347
360
358
360
360
360
359
360
360
358
359
360
360
358
358
360
360
360
358
359
360
360
360
359
360
358
359
359
360
360
360
281
359
359
359
360
359
360
360
360
360
360
359
358
358
358
360
360
359
359
360
356
355
353
349
350
344
340
339
333
334
328
326
321
315
314
310
312
309
302
303
300
297
294
289
286
283
278
275
270
272
269
264
259
256
254
255
252
250
249
245
245
242
238
235
230
232
228
228
225
221
218
215
213
208
207
201
202
196
357
196
192
187
187
183
180
180
179
175
175
169
170
165
158
158
155
149
144
143
330
140
140
135
133
132
134
131
129
126
122
122
116
114
111
106
102
100
94
94
89
91
91
97
97
102
109
107
108
116
117
125
131
131
131
138
139
139
147
147
150
150
154
156
158
159
166
171
173
175
179
179
179
183
190
194
193
196
200
200
202
207
210
214
222
225
229
235
235
237
237
239
246
246
252
253
256
259
261
265
269
273
278
280
284
286
288
289
295
298
304
351
306
312
318
318
325
327
328
329
335
336
342
346
348
353
357
356
360
358
360
358
358
360
358
358
359
360
360
360
360
358
359
360
358
360
360
359
360
358
358
360
360
359
359
358
360
360
360
358
360
360
360
360
360
358
360
359
358
360
359
360
360
359
358
358
359
360
360
360
360
358
360
358
358
360
360
360
360
360
360
360
360
359
360
360
358
360
360
359
360
358
358
358
358
359
360
358
360
360
359
359
360
359
360
360
360
360
360
360
359
360
360
360
360
359
359
360
360
360
360
360
360
358
355
360
360
358
358
358
359
358
358
360
360
359
358
359
358
360
360
360
360
360
360
360
359
358
360
358
358
358
360
360
358
360
358
360
359
360
360
358
360
358
359
360
358
360
360
360
360
360
360
360
360
359
360
359
360
360
359
359
326
360
360
360
358
360
360
360
358
360
360
359
360
360
358
359
358
360
360
358
360
360
360
358
358
360
358
360
360
360
360
360
360
360
360
358
359
360
358
360
358
360
360
360
360
360
358
360
360
359
357
353
345
343
342
339
336
333
327
324
323
319
317
317
313
312
306
306
301
300
302
299
294
292
289
285
285
282
281
279
270
273
270
263
261
257
252
252
246
238
238
234
232
228
224
225
220
219
218
212
212
204
205
201
197
191
188
343
186
184
181
177
170
170
162
161
155
149
146
147
144
140
136
135
134
129
122
120
115
116
112
108
107
104
102
100
94
92
85
81
83
80
75
70
63
63
63
63
60
58
61
65
68
74
74
79
78
78
82
89
93
93
97
100
104
107
111
110
113
115
119
124
128
127
131
131
132
140
141
144
146
148
152
154
152
154
161
162
164
170
175
176
181
183
190
190
196
194
197
202
207
209
206
210
211
214
219
222
224
230
231
237
242
244
245
249
251
256
258
263
266
269
271
275
276
277
283
287
291
290
294
301
305
307
309
313
316
320
325
328
330
336
342
340
344
345
346
351
354
353
353
354
355
355
354
352
351
355
355
355