34
32
32
31
33
30
30
33
33
34
31
33
31
34
34
31
33
355
30
33
33
31
33
32
30
34
33
34
32
33
34
31
32
32
33
30
32
34
33
34
31
31
32
30
30
34
33
34
30
31
31
33
31
34
33
31
32
33
31
32
34
34
34
325
34
30
34
31
32
33
34
31
31
33
30
34
34
32
34
34
30
33
32
33
34
34
33
31
33
30
31
33
33
31
33
33
34
33
33
30
33
38
39
42
46
49
50
52
55
55
58
63
65
67
72
75
80
81
87
89
92
94
97
100
105
107
108
109
113
113
115
118
118
120
122
126
132
133
133
142
140
144
146
148
149
154
153
157
162
162
165
167
169
172
180
181
185
188
195
195
194
198
201
205
206
211
211
215
216
220
223
225
230
231
230
236
237
238
242
246
248
252
253
258
258
263
261
265
268
274
278
277
282
282
286
291
294
296
302
303
304
299
293
289
288
286
284
279
279
276
269
271
264
265
263
262
260
255
253
250
249
250
247
241
237
236
234
231
225
219
218
212
206
204
202
198
199
197
195
189
184
183
181
180
173
174
172
171
165
159
157
155
156
154
147
147
141
140
351
138
132
130
129
124
119
118
116
112
114
105
108
103
104
100
96
92
86
87
82
78
78
77
74
73
70
67
61
58
56
53
46
43
41
40
36
31
29
25
22
20
14
14
13
7
8
4
1
0
0
0
2
0
1
0
0
2
0
1
0
2
0
2
0
0
2
2
0
0
0
0
1
2
2
2
0
0
0
316
0
0
1
0
2
0
1
0
1
1
0
0
2
0
1
2
2
0
2
0
0
1
0
2
0
0
0
0
0
2
0
2
0
0
2
1
2
2
1
0
0
2
0
0
2
1
0
1
2
1
1
1
0
0
1
0
0
359
0
2
1
1
0
0
0
1
0
0
0
0
0
2
0
1
0
0
1
0
0
0
1
1
2
0
0
1
0
0
0
0
0
0
0
0
0
0
2
1
1
1
0
1
2
1
0
0
1
1
0
1
2
2
1
1
0
0
0
0
0
0
0
2
1
0
0
0
1
0
2
2
0
0
2
0
1
0
0
1
0
0
2
0
1
0
1
1
2
0
0
1
2
1
0
0
1
0
0
0
0
2
2
2
5
5
7
8
13
18
19
22
28
27
32
32
39
37
44
48
48
50
54
58
62
67
69
71
77
81
87
90
93
96
97
100
104
106
111
116
119
121
125
126
127
130
132
134
135
140
141
150
149
154
155
158
162
167
170
172
176
176
181
186
187
190
190
193
198
198
199
198
204
203
205
214
218
220
222
224
232
233
238
242
240
244
242
247
247
251
255
258
258
258
263
269
272
278
277
281
282
286
293
293
287
284
282
279
275
275
274
272
269
266
264
265
262
257
254
255
247
249
244
241
236
235
229
225
224
220
214
210
208
210
208
205
205
197
192
187
182
182
180
175
171
168
167
165
167
162
157
154
153
149
148
144
140
140
136
133
134
126
124
118
113
113
107
106
100
100
93
94
93
85
84
87
83
80
75
71
64
64
62
62
57
54
51
47
273
44
38
40
36
32
30
30
27
23
17
12
10
6
3
3
0
0
1
0
0
2
0
0
0
0
0
0
2
0
0
0
2
0
2
0
0
0
0
0
0
1
0
0
0
0
0
1
2
0
0
0
0
0
2
2
2
1
2
1
0
0
1
0
0
0
0
0
0
1
0
0
0
0
0
0
0
1
1
0
0
0
0
2
1
2
0
0
0
0
0
2
0
0
0
0
0
0
2
0
2
0
0
1
2
0
2
0
0
0
2
1
2
1
0
0
0
2
0
0
0
0
0
1
1
0
0
0
0
0
0
0
0
0
2
0
0
0
0
0
0
0
0
0
2
2
0
0
0
0
0
2
0
1
0
0
0
0
0
0
1
0
0
0
0
0
2
0
2
0
2
0
0
2
2
0
0
1
0
0
2
2
1
2
1
1
2
1
0
2
2
0
2
2
2
0
0
2
0
0
2
2
0
0
0
1
0
0
0
0
0
0
1
2
0
0
5
7
12
15
16
17
20
29
30
32
37
42
47
49
49
53
55
57
62
61
64
66
72
74
75
81
79
84
88
87
87
93
94
98
104
105
110
108
110
110
117
114
117
118
123
122
124
125
130
132
134
138
143
144
147
150
153
151
155
156
160
161
161
162
165
166
169
174
172
176
178
180
181
185
192
198
198
203
205
206
205
211
213
211
214
218
222
226
225
351
230
234
232
233
235
237
240
241
248
251
256
259
261
263
264
266
271