9
9
8
9
12
12
9
12
11
12
289
8
9
12
11
9
8
10
8
11
8
8
11
11
8
8
12
8
10
10
12
12
10
10
10
10
12
11
12
11
8
9
10
10
12
10
8
12
11
11
12
8
8
11
9
12
11
10
10
11
12
12
8
9
10
9
10
9
12
10
12
9
11
12
9
8
10
9
9
12
9
11
9
12
10
11
8
10
11
11
8
10
9
9
11
8
10
10
12
8
10
11
12
11
10
10
8
8
10
8
10
8
9
11
10
11
8
8
8
11
10
9
10
11
8
11
12
12
9
11
9
9
10
9
8
9
11
11
10
10
9
9
12
12
12
11
9
11
11
8
9
11
8
12
10
11
8
11
8
12
8
8
8
12
12
8
11
10
9
10
9
12
9
9
11
10
11
10
12
8
12
8
11
9
9
8
8
12
8
8
11
10
10
10
12
10
10
9
11
8
14
19
22
25
25
27
33
38
42
44
51
52
54
58
61
64
71
69
72
76
80
82
82
86
84
90
92
90
94
98
104
110
111
112
116
121
120
122
126
133
136
140
143
146
148
149
153
156
159
161
162
164
170
169
170
171
179
329
180
184
193
193
193
200
203
204
206
208
214
213
217
218
220
220
227
228
229
230
234
236
241
245
247
252
256
258
260
257
265
266
269
273
278
283
284
284
290
292
294
302
303
304
307
309
315
314
319
320
324
326
332
335
336
341
343
348
354
356
360
358
360
358
360
360
359
360
359
360
360
358
360
360
359
358
360
358
360
360
360
310
359
360
359
360
360
358
360
360
360
360
360
360
358
360
360
358
360
359
359
360
360
360
360
360
359
360
360
358
359
360
358
360
359
358
360
358
360
360
360
360
359
358
360
360
360
359
359
360
359
360
360
360
360
358
359
358
360
359
360
359
358
359
360
359
360
360
360
359
358
360
358
359
360
360
360
360
358
359
358
360
359
360
358
360
360
358
360
360
359
360
358
360
360
360
360
360
360
358
360
358
358
360
359
360
359
360
359
359
360
360
360
360
360
358
359
358
360
360
358
360
360
360
360
359
359
360
359
360
360
358
359
358
360
358
359
360
358
360
360
359
358
359
360
360
360
360
360
358
358
358
359
358
360
358
359
360
360
360
360
360
355
352
351
350
346
342
341
337
332
333
330
325
323
316
314
310
306
303
297
295
294
296
288
289
286
280
279
274
272
272
263
266
261
261
259
251
246
246
241
236
236
235
235
230
224
221
217
212
209
206
201
199
197
194
192
189
182
181
177
174
173
166
168
163
160
157
155
153
148
144
146
141
139
139
137
134
130
126
124
122
117
117
114
112
109
108
105
106
103
98
92
90
86
82
77
75
70
68
67
62
64
66
70
75
79
81
86
87
90
87
90
93
98
104
109
112
117
118
124
126
127
131
131
131
138
137
138
145
144
149
156
157
164
166
170
177
177
303
183
183
189
194
201
202
207
213
216
219
227
228
232
237
241
241
244
247
252
253
257
260
261
267
270
275
275
278
280
281
282
286
293
296
298
305
305
303
310
315
290
318
320
322
329
332
338
336
340
345
350
353
357
357
358
360
358
359
360
360
360
359
358
354
348
348
346
346
341
336
337
329
326
324
321
322
319
319
316
311
306
305
302
302
301
295
296
291
290
284
286
282
279
276
267
270
265
260
256
256
251
252
252
248
245
241
242
238
234
233
232
228
223
220
221
219
214
211
207
203
199
198
193
196
192
191
187
184
182
175
174
171
169
164
163
164
159
158
155
149
143
142
140
137
135
127
124
127
122
117
115
113
110
105
99
94
91
86
79
82
78
76
80
81
81
86
90
93
98
102
99
103
108
110
113
115
121
120
124
128
130
134
136
139
141
144
149
154
161
162
169
173
177
180
187
184
192
195
198
199
198
203
210
213
218
222
225
227
228
232
236
236
237
243
244
248
252
255
259
263
264
268
270
272
277
281
280
283
287
291
297
299
302
305
307
314
318
321
326
330
333
338
340
341
341
345
344
280
348
350
355
360
359
360
359
360
360
360
360
360
359
360
360
352
353
349
341
337
339
330
329
328
323
316
313
309
309
304
302
300
299
296
289
286
283
277
277
274
269
270
266
260
258
256
250
251
250
250
244
242
238
236
233
228
226
217
215
211
212
209
208
206
205
198
192
192
188
186
185
182
177
174
170
168
163
160
155
155
154
149
144
144
138
141
136
132
129
122
120
117
118
112
108
106
104
102
98
90
91
87
88
83
80
76
74
71
67
61
60
58
53
48
52
54
59
58
63
68
70